[
    [
        [
            0.0, 
            0.011627906976744186, 
            0.29651162790697677, 
            0.3546511627906977, 
            0.3372093023255814
        ], 
        [
            0.0, 
            0.0196078431372549, 
            0.19607843137254902, 
            0.2679738562091503, 
            0.5163398692810458
        ], 
        [
            0.0, 
            0.004629629629629629, 
            0.12037037037037036, 
            0.17592592592592593, 
            0.6990740740740741
        ], 
        [
            0.023696682464454975, 
            0.014218009478672985, 
            0.1990521327014218, 
            0.23696682464454977, 
            0.5260663507109005
        ], 
        [
            0.009216589861751152, 
            0.02304147465437788, 
            0.24423963133640553, 
            0.09216589861751152, 
            0.631336405529954
        ], 
        [
            0.007936507936507936, 
            0.011904761904761904, 
            0.24206349206349206, 
            0.23412698412698413, 
            0.503968253968254
        ], 
        [
            0.0, 
            0.021621621621621623, 
            0.22702702702702704, 
            0.20540540540540542, 
            0.5459459459459459
        ], 
        [
            0.009900990099009901, 
            0.034653465346534656, 
            0.24752475247524752, 
            0.2079207920792079, 
            0.5
        ], 
        [
            0.024464831804281346, 
            0.039755351681957186, 
            0.1651376146788991, 
            0.14678899082568808, 
            0.6238532110091743
        ], 
        [
            0.007936507936507936, 
            0.023809523809523808, 
            0.17857142857142858, 
            0.1865079365079365, 
            0.6031746031746031
        ], 
        [
            0.0031645569620253164, 
            0.022151898734177215, 
            0.12974683544303797, 
            0.12974683544303797, 
            0.7151898734177216
        ], 
        [
            0.0, 
            0.01639344262295082, 
            0.16939890710382513, 
            0.17486338797814208, 
            0.639344262295082
        ], 
        [
            0.00998003992015968, 
            0.011976047904191617, 
            0.3033932135728543, 
            0.32335329341317365, 
            0.35129740518962077
        ], 
        [
            0.004201680672268907, 
            0.01680672268907563, 
            0.14285714285714285, 
            0.13025210084033614, 
            0.7058823529411765
        ], 
        [
            0.013774104683195593, 
            0.005509641873278237, 
            0.2396694214876033, 
            0.2699724517906336, 
            0.47107438016528924
        ], 
        [
            0.017543859649122806, 
            0.008771929824561403, 
            0.20614035087719298, 
            0.19736842105263158, 
            0.5701754385964912
        ], 
        [
            0.0, 
            0.02262443438914027, 
            0.19457013574660634, 
            0.18552036199095023, 
            0.5972850678733032
        ], 
        [
            0.0, 
            0.0027472527472527475, 
            0.2802197802197802, 
            0.3324175824175824, 
            0.38461538461538464
        ], 
        [
            0.006622516556291391, 
            0.011037527593818985, 
            0.24282560706401765, 
            0.25386313465783666, 
            0.4856512141280353
        ], 
        [
            0.0, 
            0.004878048780487805, 
            0.2146341463414634, 
            0.32195121951219513, 
            0.4585365853658537
        ], 
        [
            0.010752688172043012, 
            0.0035842293906810036, 
            0.16487455197132617, 
            0.22580645161290322, 
            0.5949820788530465
        ], 
        [
            0.0049261083743842365, 
            0.009852216748768473, 
            0.12315270935960591, 
            0.22167487684729065, 
            0.6403940886699507
        ], 
        [
            0.008264462809917356, 
            0.012396694214876033, 
            0.15289256198347106, 
            0.19834710743801653, 
            0.628099173553719
        ], 
        [
            0.02112676056338028, 
            0.03169014084507042, 
            0.19014084507042253, 
            0.2007042253521127, 
            0.5563380281690141
        ], 
        [
            0.01107011070110701, 
            0.01845018450184502, 
            0.1881918819188192, 
            0.22140221402214022, 
            0.5608856088560885
        ], 
        [
            0.0, 
            0.0051813471502590676, 
            0.18134715025906736, 
            0.23834196891191708, 
            0.5751295336787565
        ], 
        [
            0.018796992481203006, 
            0.022556390977443608, 
            0.22932330827067668, 
            0.2857142857142857, 
            0.44360902255639095
        ], 
        [
            0.0, 
            0.005154639175257732, 
            0.23195876288659795, 
            0.34536082474226804, 
            0.4175257731958763
        ], 
        [
            0.0030581039755351682, 
            0.009174311926605505, 
            0.14678899082568808, 
            0.2018348623853211, 
            0.6391437308868502
        ], 
        [
            0.023668639053254437, 
            0.023668639053254437, 
            0.33727810650887574, 
            0.378698224852071, 
            0.23668639053254437
        ], 
        [
            0.023148148148148147, 
            0.032407407407407406, 
            0.18518518518518517, 
            0.18055555555555555, 
            0.5787037037037037
        ], 
        [
            0.014652014652014652, 
            0.01098901098901099, 
            0.17582417582417584, 
            0.1391941391941392, 
            0.6593406593406593
        ], 
        [
            0.00536480686695279, 
            0.012875536480686695, 
            0.3293991416309013, 
            0.2907725321888412, 
            0.361587982832618
        ], 
        [
            0.0, 
            0.006993006993006993, 
            0.1888111888111888, 
            0.24475524475524477, 
            0.5594405594405595
        ], 
        [
            0.0, 
            0.006172839506172839, 
            0.16666666666666666, 
            0.2222222222222222, 
            0.6049382716049383
        ], 
        [
            0.0, 
            0.005154639175257732, 
            0.2268041237113402, 
            0.28865979381443296, 
            0.4793814432989691
        ], 
        [
            0.0, 
            0.01680672268907563, 
            0.24369747899159663, 
            0.31932773109243695, 
            0.42016806722689076
        ], 
        [
            0.0, 
            0.006024096385542169, 
            0.24096385542168675, 
            0.28313253012048195, 
            0.46987951807228917
        ], 
        [
            0.006289308176100629, 
            0.012578616352201259, 
            0.27044025157232704, 
            0.34591194968553457, 
            0.36477987421383645
        ], 
        [
            0.013468013468013467, 
            0.006734006734006734, 
            0.19528619528619529, 
            0.3501683501683502, 
            0.43434343434343436
        ], 
        [
            0.0, 
            0.004784688995215311, 
            0.19138755980861244, 
            0.23444976076555024, 
            0.569377990430622
        ], 
        [
            0.0, 
            0.023076923076923078, 
            0.2230769230769231, 
            0.2076923076923077, 
            0.5461538461538461
        ], 
        [
            0.0, 
            0.008130081300813009, 
            0.21138211382113822, 
            0.22764227642276422, 
            0.5528455284552846
        ], 
        [
            0.0, 
            0.004347826086956522, 
            0.16521739130434782, 
            0.24782608695652175, 
            0.5826086956521739
        ], 
        [
            0.007575757575757576, 
            0.015151515151515152, 
            0.26515151515151514, 
            0.2878787878787879, 
            0.42424242424242425
        ], 
        [
            0.0, 
            0.004310344827586207, 
            0.1810344827586207, 
            0.30603448275862066, 
            0.5086206896551724
        ], 
        [
            0.0, 
            0.009433962264150943, 
            0.16981132075471697, 
            0.18396226415094338, 
            0.6367924528301887
        ], 
        [
            0.022044088176352707, 
            0.04008016032064128, 
            0.27655310621242485, 
            0.1683366733466934, 
            0.49298597194388777
        ], 
        [
            0.004149377593360996, 
            0.008298755186721992, 
            0.1908713692946058, 
            0.24066390041493776, 
            0.5560165975103735
        ], 
        [
            0.0, 
            0.005747126436781609, 
            0.19540229885057472, 
            0.28735632183908044, 
            0.5114942528735632
        ], 
        [
            0.0, 
            0.004901960784313725, 
            0.23039215686274508, 
            0.29411764705882354, 
            0.47058823529411764
        ], 
        [
            0.0, 
            0.004761904761904762, 
            0.24761904761904763, 
            0.28095238095238095, 
            0.4666666666666667
        ], 
        [
            0.01015228426395939, 
            0.015228426395939087, 
            0.19289340101522842, 
            0.20812182741116753, 
            0.5736040609137056
        ], 
        [
            0.0, 
            0.006134969325153374, 
            0.1901840490797546, 
            0.2331288343558282, 
            0.5705521472392638
        ], 
        [
            0.01098901098901099, 
            0.0, 
            0.15934065934065933, 
            0.2032967032967033, 
            0.6263736263736264
        ], 
        [
            0.0, 
            0.017341040462427744, 
            0.20809248554913296, 
            0.1907514450867052, 
            0.5838150289017341
        ], 
        [
            0.003952569169960474, 
            0.015810276679841896, 
            0.1857707509881423, 
            0.1857707509881423, 
            0.6086956521739131
        ], 
        [
            0.005714285714285714, 
            0.005714285714285714, 
            0.21142857142857144, 
            0.3942857142857143, 
            0.38285714285714284
        ], 
        [
            0.004201680672268907, 
            0.004201680672268907, 
            0.21008403361344538, 
            0.31932773109243695, 
            0.46218487394957986
        ], 
        [
            0.0, 
            0.00641025641025641, 
            0.19230769230769232, 
            0.28205128205128205, 
            0.5192307692307693
        ], 
        [
            0.014388489208633094, 
            0.02158273381294964, 
            0.14388489208633093, 
            0.2302158273381295, 
            0.5899280575539568
        ], 
        [
            0.009345794392523364, 
            0.028037383177570093, 
            0.17757009345794392, 
            0.2336448598130841, 
            0.5514018691588785
        ], 
        [
            0.0056179775280898875, 
            0.0, 
            0.2808988764044944, 
            0.24157303370786518, 
            0.47191011235955055
        ], 
        [
            0.011428571428571429, 
            0.022857142857142857, 
            0.13714285714285715, 
            0.13142857142857142, 
            0.6971428571428572
        ], 
        [
            0.0053475935828877, 
            0.016042780748663103, 
            0.20320855614973263, 
            0.22994652406417113, 
            0.5454545454545454
        ], 
        [
            0.0, 
            0.006896551724137931, 
            0.22758620689655173, 
            0.2896551724137931, 
            0.47586206896551725
        ], 
        [
            0.0, 
            0.005681818181818182, 
            0.14204545454545456, 
            0.2556818181818182, 
            0.5965909090909091
        ], 
        [
            0.0027624309392265192, 
            0.008287292817679558, 
            0.2569060773480663, 
            0.23204419889502761, 
            0.5
        ], 
        [
            0.0, 
            0.05263157894736842, 
            0.3157894736842105, 
            0.07655502392344497, 
            0.5550239234449761
        ], 
        [
            0.009433962264150943, 
            0.0047169811320754715, 
            0.1650943396226415, 
            0.3632075471698113, 
            0.45754716981132076
        ], 
        [
            0.0, 
            0.003236245954692557, 
            0.23300970873786409, 
            0.3042071197411003, 
            0.459546925566343
        ], 
        [
            0.00796812749003984, 
            0.00398406374501992, 
            0.16334661354581673, 
            0.2948207171314741, 
            0.5298804780876494
        ], 
        [
            0.0056179775280898875, 
            0.0056179775280898875, 
            0.1853932584269663, 
            0.34269662921348315, 
            0.4606741573033708
        ], 
        [
            0.0, 
            0.007380073800738007, 
            0.23616236162361623, 
            0.3173431734317343, 
            0.43911439114391143
        ], 
        [
            0.005385996409335727, 
            0.00718132854578097, 
            0.289048473967684, 
            0.3267504488330341, 
            0.37163375224416517
        ], 
        [
            0.02877697841726619, 
            0.014388489208633094, 
            0.2697841726618705, 
            0.38848920863309355, 
            0.29856115107913667
        ], 
        [
            0.010165184243964422, 
            0.007623888182973317, 
            0.28589580686149935, 
            0.34307496823379924, 
            0.35324015247776364
        ], 
        [
            0.01991150442477876, 
            0.01327433628318584, 
            0.26548672566371684, 
            0.3053097345132743, 
            0.39601769911504425
        ], 
        [
            0.014925373134328358, 
            0.018995929443690638, 
            0.38263229308005425, 
            0.36906377204884666, 
            0.21438263229308005
        ], 
        [
            0.010638297872340425, 
            0.01773049645390071, 
            0.3546099290780142, 
            0.34929078014184395, 
            0.26773049645390073
        ], 
        [
            0.002652519893899204, 
            0.007957559681697613, 
            0.19363395225464192, 
            0.22015915119363394, 
            0.5755968169761273
        ], 
        [
            0.01875, 
            0.009375, 
            0.30625, 
            0.4203125, 
            0.2453125
        ], 
        [
            0.01680672268907563, 
            0.008403361344537815, 
            0.17647058823529413, 
            0.23529411764705882, 
            0.5630252100840336
        ], 
        [
            0.023923444976076555, 
            0.049441786283891544, 
            0.3620414673046252, 
            0.30462519936204147, 
            0.25996810207336524
        ], 
        [
            0.0034129692832764505, 
            0.006825938566552901, 
            0.24914675767918087, 
            0.3515358361774744, 
            0.3890784982935154
        ], 
        [
            0.012224938875305624, 
            0.0024449877750611247, 
            0.20048899755501223, 
            0.43276283618581907, 
            0.35207823960880197
        ], 
        [
            0.0046875, 
            0.0109375, 
            0.328125, 
            0.3265625, 
            0.3296875
        ], 
        [
            0.0, 
            0.0027247956403269754, 
            0.2615803814713896, 
            0.29427792915531337, 
            0.44141689373297005
        ], 
        [
            0.0064516129032258064, 
            0.0064516129032258064, 
            0.3032258064516129, 
            0.3010752688172043, 
            0.3827956989247312
        ], 
        [
            0.031630170316301706, 
            0.024330900243309004, 
            0.20681265206812652, 
            0.2749391727493917, 
            0.46228710462287104
        ], 
        [
            0.020202020202020204, 
            0.005050505050505051, 
            0.16161616161616163, 
            0.4494949494949495, 
            0.36363636363636365
        ], 
        [
            0.010482180293501049, 
            0.016771488469601678, 
            0.29350104821802936, 
            0.2914046121593291, 
            0.38784067085953877
        ], 
        [
            0.0, 
            0.021052631578947368, 
            0.18947368421052632, 
            0.25263157894736843, 
            0.5368421052631579
        ], 
        [
            0.0, 
            0.012048192771084338, 
            0.17670682730923695, 
            0.18072289156626506, 
            0.6305220883534136
        ], 
        [
            0.0, 
            0.003745318352059925, 
            0.21722846441947566, 
            0.2808988764044944, 
            0.49812734082397003
        ], 
        [
            0.0, 
            0.015, 
            0.11, 
            0.245, 
            0.63
        ], 
        [
            0.005681818181818182, 
            0.005681818181818182, 
            0.125, 
            0.26136363636363635, 
            0.6022727272727273
        ], 
        [
            0.005208333333333333, 
            0.005208333333333333, 
            0.328125, 
            0.171875, 
            0.4895833333333333
        ], 
        [
            0.018072289156626505, 
            0.012048192771084338, 
            0.14457831325301204, 
            0.3855421686746988, 
            0.4397590361445783
        ], 
        [
            0.00558659217877095, 
            0.0111731843575419, 
            0.13966480446927373, 
            0.22905027932960895, 
            0.6145251396648045
        ], 
        [
            0.0, 
            0.005319148936170213, 
            0.2074468085106383, 
            0.31382978723404253, 
            0.4734042553191489
        ], 
        [
            0.005376344086021506, 
            0.005376344086021506, 
            0.14516129032258066, 
            0.3602150537634409, 
            0.4838709677419355
        ], 
        [
            0.011627906976744186, 
            0.005813953488372093, 
            0.1744186046511628, 
            0.4011627906976744, 
            0.4069767441860465
        ], 
        [
            0.013245033112582781, 
            0.004415011037527594, 
            0.2052980132450331, 
            0.25165562913907286, 
            0.5253863134657837
        ], 
        [
            0.0, 
            0.006535947712418301, 
            0.13725490196078433, 
            0.21568627450980393, 
            0.6405228758169934
        ], 
        [
            0.0, 
            0.003125, 
            0.146875, 
            0.2125, 
            0.6375
        ], 
        [
            0.0, 
            0.012345679012345678, 
            0.12345679012345678, 
            0.16049382716049382, 
            0.7037037037037037
        ], 
        [
            0.0, 
            0.00558659217877095, 
            0.1005586592178771, 
            0.2011173184357542, 
            0.6927374301675978
        ], 
        [
            0.0, 
            0.006097560975609756, 
            0.12195121951219512, 
            0.23170731707317074, 
            0.6402439024390244
        ], 
        [
            0.011976047904191617, 
            0.017964071856287425, 
            0.19760479041916168, 
            0.1437125748502994, 
            0.6287425149700598
        ], 
        [
            0.0, 
            0.004132231404958678, 
            0.18181818181818182, 
            0.30165289256198347, 
            0.512396694214876
        ], 
        [
            0.0, 
            0.006578947368421052, 
            0.24342105263157895, 
            0.29605263157894735, 
            0.45394736842105265
        ], 
        [
            0.0020408163265306124, 
            0.0020408163265306124, 
            0.21836734693877552, 
            0.2612244897959184, 
            0.5163265306122449
        ], 
        [
            0.005494505494505495, 
            0.01098901098901099, 
            0.15384615384615385, 
            0.23626373626373626, 
            0.5934065934065934
        ], 
        [
            0.006944444444444444, 
            0.0, 
            0.13194444444444445, 
            0.24305555555555555, 
            0.6180555555555556
        ], 
        [
            0.005050505050505051, 
            0.005050505050505051, 
            0.15656565656565657, 
            0.2727272727272727, 
            0.5606060606060606
        ], 
        [
            0.0, 
            0.0078125, 
            0.16015625, 
            0.1953125, 
            0.63671875
        ], 
        [
            0.0, 
            0.007352941176470588, 
            0.17647058823529413, 
            0.2647058823529412, 
            0.5514705882352942
        ], 
        [
            0.0, 
            0.002849002849002849, 
            0.15384615384615385, 
            0.2022792022792023, 
            0.6410256410256411
        ], 
        [
            0.0, 
            0.0196078431372549, 
            0.2647058823529412, 
            0.23529411764705882, 
            0.4803921568627451
        ], 
        [
            0.0, 
            0.02040816326530612, 
            0.17346938775510204, 
            0.17857142857142858, 
            0.6275510204081632
        ], 
        [
            0.02127659574468085, 
            0.028368794326241134, 
            0.1347517730496454, 
            0.24113475177304963, 
            0.574468085106383
        ], 
        [
            0.0, 
            0.006493506493506494, 
            0.16883116883116883, 
            0.3116883116883117, 
            0.512987012987013
        ], 
        [
            0.0, 
            0.006993006993006993, 
            0.1958041958041958, 
            0.3356643356643357, 
            0.46153846153846156
        ], 
        [
            0.0, 
            0.00423728813559322, 
            0.13559322033898305, 
            0.22033898305084745, 
            0.6398305084745762
        ], 
        [
            0.02717391304347826, 
            0.04891304347826087, 
            0.28804347826086957, 
            0.31521739130434784, 
            0.32065217391304346
        ], 
        [
            0.005917159763313609, 
            0.01775147928994083, 
            0.14792899408284024, 
            0.2485207100591716, 
            0.5798816568047337
        ], 
        [
            0.0, 
            0.004405286343612335, 
            0.2599118942731278, 
            0.32599118942731276, 
            0.40969162995594716
        ], 
        [
            0.0, 
            0.006134969325153374, 
            0.12269938650306748, 
            0.2085889570552147, 
            0.6625766871165644
        ], 
        [
            0.0036231884057971015, 
            0.0036231884057971015, 
            0.13043478260869565, 
            0.2391304347826087, 
            0.6231884057971014
        ], 
        [
            0.0, 
            0.0053475935828877, 
            0.2192513368983957, 
            0.34759358288770054, 
            0.42780748663101603
        ]
    ], 
    [
        [
            0.0, 
            0.004273504273504274, 
            0.2264957264957265, 
            0.28205128205128205, 
            0.48717948717948717
        ], 
        [
            0.0, 
            0.005405405405405406, 
            0.14054054054054055, 
            0.23243243243243245, 
            0.6216216216216216
        ], 
        [
            0.0, 
            0.004464285714285714, 
            0.24107142857142858, 
            0.3169642857142857, 
            0.4375
        ], 
        [
            0.006622516556291391, 
            0.006622516556291391, 
            0.2251655629139073, 
            0.3576158940397351, 
            0.40397350993377484
        ], 
        [
            0.0, 
            0.005813953488372093, 
            0.1569767441860465, 
            0.2616279069767442, 
            0.5755813953488372
        ], 
        [
            0.003289473684210526, 
            0.003289473684210526, 
            0.20065789473684212, 
            0.3092105263157895, 
            0.48355263157894735
        ], 
        [
            0.0, 
            0.006097560975609756, 
            0.12804878048780488, 
            0.25609756097560976, 
            0.6097560975609756
        ], 
        [
            0.010752688172043012, 
            0.005376344086021506, 
            0.12365591397849462, 
            0.3387096774193548, 
            0.521505376344086
        ], 
        [
            0.0, 
            0.005555555555555556, 
            0.18333333333333332, 
            0.28888888888888886, 
            0.5222222222222223
        ], 
        [
            0.0, 
            0.005714285714285714, 
            0.16, 
            0.2857142857142857, 
            0.5485714285714286
        ], 
        [
            0.005988023952095809, 
            0.005988023952095809, 
            0.16766467065868262, 
            0.4550898203592814, 
            0.3652694610778443
        ], 
        [
            0.0, 
            0.007575757575757576, 
            0.17424242424242425, 
            0.3106060606060606, 
            0.5075757575757576
        ], 
        [
            0.0, 
            0.003003003003003003, 
            0.2732732732732733, 
            0.3813813813813814, 
            0.34234234234234234
        ], 
        [
            0.0037593984962406013, 
            0.007518796992481203, 
            0.24812030075187969, 
            0.31954887218045114, 
            0.42105263157894735
        ], 
        [
            0.0, 
            0.006024096385542169, 
            0.20481927710843373, 
            0.28313253012048195, 
            0.5060240963855421
        ], 
        [
            0.005434782608695652, 
            0.005434782608695652, 
            0.15760869565217392, 
            0.28804347826086957, 
            0.5434782608695652
        ], 
        [
            0.003629764065335753, 
            0.0018148820326678765, 
            0.2558983666061706, 
            0.30490018148820325, 
            0.4337568058076225
        ], 
        [
            0.0, 
            0.0026109660574412533, 
            0.1671018276762402, 
            0.19843342036553524, 
            0.6318537859007833
        ], 
        [
            0.010582010582010581, 
            0.005291005291005291, 
            0.1746031746031746, 
            0.32275132275132273, 
            0.48677248677248675
        ], 
        [
            0.0, 
            0.00558659217877095, 
            0.11173184357541899, 
            0.20670391061452514, 
            0.6759776536312849
        ], 
        [
            0.015625, 
            0.005208333333333333, 
            0.11979166666666667, 
            0.3177083333333333, 
            0.5416666666666666
        ], 
        [
            0.0, 
            0.0056179775280898875, 
            0.12359550561797752, 
            0.21910112359550563, 
            0.651685393258427
        ], 
        [
            0.0, 
            0.006097560975609756, 
            0.18292682926829268, 
            0.3048780487804878, 
            0.5060975609756098
        ], 
        [
            0.0, 
            0.004761904761904762, 
            0.18095238095238095, 
            0.3238095238095238, 
            0.49047619047619045
        ], 
        [
            0.04040404040404041, 
            0.010101010101010102, 
            0.10101010101010101, 
            0.47474747474747475, 
            0.37373737373737376
        ], 
        [
            0.0, 
            0.005434782608695652, 
            0.125, 
            0.2391304347826087, 
            0.6304347826086957
        ], 
        [
            0.003236245954692557, 
            0.003236245954692557, 
            0.23300970873786409, 
            0.34951456310679613, 
            0.4110032362459547
        ], 
        [
            0.010638297872340425, 
            0.005319148936170213, 
            0.12234042553191489, 
            0.3829787234042553, 
            0.4787234042553192
        ], 
        [
            0.0, 
            0.012711864406779662, 
            0.22033898305084745, 
            0.2584745762711864, 
            0.5084745762711864
        ], 
        [
            0.0, 
            0.00819672131147541, 
            0.2459016393442623, 
            0.36065573770491804, 
            0.38524590163934425
        ], 
        [
            0.0, 
            0.012658227848101266, 
            0.17088607594936708, 
            0.1962025316455696, 
            0.620253164556962
        ], 
        [
            0.0, 
            0.02, 
            0.30666666666666664, 
            0.3, 
            0.37333333333333335
        ], 
        [
            0.03365384615384615, 
            0.014423076923076924, 
            0.23076923076923078, 
            0.4375, 
            0.28365384615384615
        ], 
        [
            0.0, 
            0.006289308176100629, 
            0.18867924528301888, 
            0.2358490566037736, 
            0.5691823899371069
        ], 
        [
            0.011428571428571429, 
            0.005714285714285714, 
            0.05714285714285714, 
            0.22285714285714286, 
            0.7028571428571428
        ], 
        [
            0.0, 
            0.008130081300813009, 
            0.1951219512195122, 
            0.3252032520325203, 
            0.4715447154471545
        ], 
        [
            0.016666666666666666, 
            0.005555555555555556, 
            0.10555555555555556, 
            0.3277777777777778, 
            0.5444444444444444
        ], 
        [
            0.007692307692307693, 
            0.015384615384615385, 
            0.25, 
            0.3384615384615385, 
            0.38846153846153847
        ], 
        [
            0.022727272727272728, 
            0.007575757575757576, 
            0.18181818181818182, 
            0.44696969696969696, 
            0.3409090909090909
        ], 
        [
            0.0070921985815602835, 
            0.02127659574468085, 
            0.14893617021276595, 
            0.24113475177304963, 
            0.5815602836879432
        ], 
        [
            0.0, 
            0.007142857142857143, 
            0.1357142857142857, 
            0.2571428571428571, 
            0.6
        ], 
        [
            0.0, 
            0.0111731843575419, 
            0.2569832402234637, 
            0.22905027932960895, 
            0.5027932960893855
        ], 
        [
            0.005988023952095809, 
            0.005988023952095809, 
            0.11976047904191617, 
            0.31736526946107785, 
            0.5508982035928144
        ], 
        [
            0.0, 
            0.005050505050505051, 
            0.1919191919191919, 
            0.2777777777777778, 
            0.5252525252525253
        ], 
        [
            0.029411764705882353, 
            0.04411764705882353, 
            0.24509803921568626, 
            0.25, 
            0.43137254901960786
        ], 
        [
            0.012096774193548387, 
            0.016129032258064516, 
            0.25, 
            0.23790322580645162, 
            0.4838709677419355
        ], 
        [
            0.0, 
            0.007407407407407408, 
            0.2740740740740741, 
            0.37037037037037035, 
            0.34814814814814815
        ], 
        [
            0.018912529550827423, 
            0.02364066193853428, 
            0.19148936170212766, 
            0.23404255319148937, 
            0.5319148936170213
        ], 
        [
            0.022900763358778626, 
            0.0, 
            0.13740458015267176, 
            0.13740458015267176, 
            0.7022900763358778
        ], 
        [
            0.0, 
            0.0078125, 
            0.296875, 
            0.3203125, 
            0.375
        ], 
        [
            0.002857142857142857, 
            0.005714285714285714, 
            0.16857142857142857, 
            0.22857142857142856, 
            0.5942857142857143
        ], 
        [
            0.030837004405286344, 
            0.013215859030837005, 
            0.2775330396475771, 
            0.3920704845814978, 
            0.28634361233480177
        ], 
        [
            0.009259259259259259, 
            0.004629629629629629, 
            0.14351851851851852, 
            0.35185185185185186, 
            0.49074074074074076
        ], 
        [
            0.0, 
            0.012903225806451613, 
            0.1032258064516129, 
            0.12258064516129032, 
            0.7612903225806451
        ], 
        [
            0.009523809523809525, 
            0.004761904761904762, 
            0.19523809523809524, 
            0.3, 
            0.49047619047619045
        ], 
        [
            0.002197802197802198, 
            0.004395604395604396, 
            0.11428571428571428, 
            0.29010989010989013, 
            0.589010989010989
        ], 
        [
            0.0, 
            0.0125, 
            0.24375, 
            0.26875, 
            0.475
        ], 
        [
            0.0, 
            0.008771929824561403, 
            0.19298245614035087, 
            0.20614035087719298, 
            0.5921052631578947
        ], 
        [
            0.0, 
            0.0049504950495049506, 
            0.1782178217821782, 
            0.23267326732673269, 
            0.5841584158415841
        ], 
        [
            0.0, 
            0.004366812227074236, 
            0.2183406113537118, 
            0.29694323144104806, 
            0.48034934497816595
        ], 
        [
            0.0, 
            0.018867924528301886, 
            0.24528301886792453, 
            0.2830188679245283, 
            0.4528301886792453
        ], 
        [
            0.0078125, 
            0.015625, 
            0.21875, 
            0.3203125, 
            0.4375
        ], 
        [
            0.0, 
            0.010471204188481676, 
            0.18324607329842932, 
            0.20418848167539266, 
            0.6020942408376964
        ], 
        [
            0.006756756756756757, 
            0.02027027027027027, 
            0.10810810810810811, 
            0.13513513513513514, 
            0.7297297297297297
        ], 
        [
            0.0, 
            0.014285714285714285, 
            0.16428571428571428, 
            0.22857142857142856, 
            0.5928571428571429
        ], 
        [
            0.0, 
            0.007936507936507936, 
            0.07936507936507936, 
            0.19047619047619047, 
            0.7222222222222222
        ], 
        [
            0.014598540145985401, 
            0.0036496350364963502, 
            0.19708029197080293, 
            0.30656934306569344, 
            0.4781021897810219
        ], 
        [
            0.0, 
            0.014184397163120567, 
            0.19148936170212766, 
            0.2198581560283688, 
            0.574468085106383
        ], 
        [
            0.0, 
            0.021164021164021163, 
            0.21164021164021163, 
            0.18518518518518517, 
            0.582010582010582
        ], 
        [
            0.007334963325183374, 
            0.004889975550122249, 
            0.17603911980440098, 
            0.2396088019559902, 
            0.5721271393643031
        ], 
        [
            0.0, 
            0.023255813953488372, 
            0.19186046511627908, 
            0.18023255813953487, 
            0.6046511627906976
        ], 
        [
            0.009787928221859706, 
            0.0016313213703099511, 
            0.18433931484502447, 
            0.2398042414355628, 
            0.564437194127243
        ], 
        [
            0.0, 
            0.016216216216216217, 
            0.1783783783783784, 
            0.1945945945945946, 
            0.6108108108108108
        ], 
        [
            0.005434782608695652, 
            0.005434782608695652, 
            0.14673913043478262, 
            0.30978260869565216, 
            0.532608695652174
        ], 
        [
            0.0, 
            0.011976047904191617, 
            0.16167664670658682, 
            0.19161676646706588, 
            0.6347305389221557
        ], 
        [
            0.007407407407407408, 
            0.022222222222222223, 
            0.13333333333333333, 
            0.14814814814814814, 
            0.6888888888888889
        ], 
        [
            0.0, 
            0.023952095808383235, 
            0.19161676646706588, 
            0.17964071856287425, 
            0.6047904191616766
        ], 
        [
            0.0, 
            0.023076923076923078, 
            0.14615384615384616, 
            0.13846153846153847, 
            0.6923076923076923
        ], 
        [
            0.044444444444444446, 
            0.025925925925925925, 
            0.2351851851851852, 
            0.3037037037037037, 
            0.3907407407407407
        ], 
        [
            0.005434782608695652, 
            0.005434782608695652, 
            0.1793478260869565, 
            0.20652173913043478, 
            0.6032608695652174
        ], 
        [
            0.0, 
            0.005917159763313609, 
            0.33136094674556216, 
            0.33136094674556216, 
            0.33136094674556216
        ], 
        [
            0.0, 
            0.004694835680751174, 
            0.2676056338028169, 
            0.3145539906103286, 
            0.4131455399061033
        ], 
        [
            0.0, 
            0.015706806282722512, 
            0.2774869109947644, 
            0.27225130890052357, 
            0.43455497382198954
        ], 
        [
            0.0, 
            0.005988023952095809, 
            0.08383233532934131, 
            0.20359281437125748, 
            0.7065868263473054
        ], 
        [
            0.021447721179624665, 
            0.024128686327077747, 
            0.225201072386059, 
            0.20107238605898123, 
            0.5281501340482574
        ], 
        [
            0.0, 
            0.03289473684210526, 
            0.19078947368421054, 
            0.13815789473684212, 
            0.6381578947368421
        ], 
        [
            0.008152173913043478, 
            0.008152173913043478, 
            0.1793478260869565, 
            0.19021739130434784, 
            0.6141304347826086
        ], 
        [
            0.0, 
            0.011560693641618497, 
            0.12716763005780346, 
            0.14450867052023122, 
            0.7167630057803468
        ], 
        [
            0.0, 
            0.006172839506172839, 
            0.18518518518518517, 
            0.25308641975308643, 
            0.5555555555555556
        ], 
        [
            0.011299435028248588, 
            0.01694915254237288, 
            0.15819209039548024, 
            0.1638418079096045, 
            0.6497175141242938
        ], 
        [
            0.0, 
            0.01327433628318584, 
            0.25663716814159293, 
            0.2610619469026549, 
            0.4690265486725664
        ], 
        [
            0.0, 
            0.005405405405405406, 
            0.2648648648648649, 
            0.31891891891891894, 
            0.41081081081081083
        ], 
        [
            0.0, 
            0.00510204081632653, 
